2.2241
7.2237
-0.66801
3.1276
1.6888
-0.69514
0.22804
1.7446
35.393
16.313
-0.71643
20.906
2.729
0.87588
2.6991
0.61114
0.75943
5.4325
5.0789
5.1137
2.5793
-0.63578
2.7061
6.1033
2.1002
3.6739
2.7332
0.43947
1.6313
-0.25336
3.2073
-0.594
-0.53326
-0.27886
-0.14339
5.2051
1.7038
-0.21519
4.9165
-0.80952
0.80075
0.54638
1.6898
1.6751
-0.33992
0.94035
0.68386
2.4606
3.8721
3.9275
-0.3386
1.1577
-0.64009
-0.56884
0.98632
5.6296
-0.23273
1.8126
0.57437
3.9557
-0.54966
1.0656
2.2625
3.8975
5.6839
1.1756
-0.77185
-0.19997
-0.52722
11.202
-0.037134
2.7932
0.63373
3.2079
-0.22702
-0.73979
-0.74787
2.0984
0.66102
0.62717
5.1228
1.626
1.4153
5.8923
-0.27313
2.6486
3.0464
0.5424
1.4547
-0.60746
-0.59464
1.2153
2.7201
13.798
-0.10524
1.3923
0.83842
-0.7904
0.2197
-0.80886
3.0621
-0.36437
1.2052
0.0621
1.6535
-0.01628
2.1029
2.7684
6.5295
0.63065
-0.72537
-0.31248
4.8519
-0.53596
3.4339
1.2558
5.1978
-0.78414
0.6242
-0.63601
18.552
3.0171
4.9525
-0.52438
0.17422
0.49239
3.8899
0.48308
2.6623
-0.75802
0.35547
-0.29473
-0.7934
2.1483
1.604
1.0675
-0.70851
3.9912
1.7624
0.44688
1.046
0.51051
-0.81021
0.46974
-0.3034
-0.45445
-0.60074
0.077916
-0.77322
3.4444
2.1791
0.96014
0.93106
-0.26592
3.621
0.74245
-0.16584
4.8388
0.57582
-0.00068816
0.45591
-0.32161
-0.57392
13.081
6.2321
1.6628
-0.66673
-0.34054
0.66255
2.9179
-0.70768
-0.62817
-0.75782
1.7232
1.8604
2.0074
0.74793
1.3843
0.1628
3.1271
-0.72199
2.0157
-0.32246
0.38676
2.2631
3.6886
-0.57202
4.48
2.5483
0.86657
0.62867
0.58855
0.44003
1.0464
1.1039
3.0196
5.6033
2.0452
0.60264
2.4539
1.3833
-0.50009
3.3967
1.6617
1.2795
2.1668
1.5572
-0.41839
0.68853
0.71857
0.080155
6.3707
-0.35145
0.15127
-0.16269
-0.61332
0.63405
0.48963
5.6177
0.5331
-0.52941
5.9697
4.3813
0.56722
-0.77615
0.21094
0.7003
1.5905
0.51195
1.9871
1.8617
-0.66289
-0.4247
-0.19852
0.11554
0.41062
1.025
-0.063823
0.1919
4.4107
-0.53147
3.3478
1.7627
0.94241
1.3816
-0.79091
0.8345
5.9721
1.2015
1.0836
-0.19007
0.93885
1.4918
1.9453
0.32456
0.55516
8.4654
-0.66828
10.086
1.7327
3.56
-0.8063
-0.0020816
0.48275
1.9363
-0.80685
2.057
-0.63927
1.1346
2.5271
1.7081
3.8356
3.5796
-0.084337
1.5474
-0.42121
-0.7025
3.3199
1.0001
0.89167
3.2773
2.3724
1.7624
4.4403
3.3355
1.5084
-0.13542
-0.085187
4.2231
-0.79964
0.95138
-0.78695
3.6269
3.1262
1.0023
0.86084
-0.52619
2.3371
-0.70128
-0.63438
1.1631
-0.4252
1.909
2.5944
3.1142
-0.13644
2.0017
1.2063
3.0196
2.2203
3.2364
0.74484
0.71645
3.5851
-0.73143
0.12031
-0.67461
0.30878
2.5171
3.0186
-0.48703
0.17049
1.2835
0.45913
1.6496
1.8811
-0.40703
0.66201
-0.72798
4.0544
-0.055334
-0.63339
0.52451
-0.75028
0.9585
0.03908
9.6481
4.03
-0.51862
1.9819
-0.73807
0.52257
1.3424
2.7922
0.49139
5.837
0.15559
1.7092
2.5608
1.174
3.1845
1.6992
-0.24971
-0.8082
7.3736
-0.022044
1.2121
2.2901
1.2337
-0.3816
0.17558
0.75803
5.3842
-0.33556
2.8983
1.6653
0.55974
-0.52337
0.47233
0.83038
-0.7648
1.4029
-0.29329
0.81596
1.7296
-0.38153
0.46529
1.7621
-0.8056
3.6782
11.953
3.429
0.41868
1.9508
-0.50549
7.4928
3.3698
2.906
-0.35161
1.6916
0.042444
0.42598
0.025879
-0.49656
-0.3857
0.60231
-0.80892
2.4069
0.77135
2.6556
1.5759
2.1137
-0.76923
-0.49175
0.20729
1.2253
3.9956
0.46237
4.4835
2.0664
4.1576
1.262
-0.092099
-0.76869
1.3231
2.9974
0.4579
0.06748
0.43068
-0.55565
0.13751
0.6549
1.0927
0.87447
2.4169
1.2246
7.1056
1.6732
7.0497
-0.17649
2.1956
0.51354
2.3871
2.3707
-0.70428
-0.70518
-0.7549
1.8857
5.3451
0.40019
2.979
2.2444
-0.51887
1.8751
-0.21155
5.5537
0.9354
6.1325
0.24136
2.3589
0.87639
-0.76754
-0.45717
2.42
0.89173
-0.57285
-0.051691
1.5303
-0.46722
3.4787
-0.070846
7.0753
-0.54225
1.4183
-0.78027
-0.17712
-0.0065304
1.8845
3.3743
1.6465
0.32414
2.9883
2.9396
1.2476
2.3112
1.9122
-0.46165
2.826
-0.092604
-0.021207
1.3696
0.4326
0.74506
2.3745
3.7145
0.62374
1.7096
0.55191
1.4857
1.9786
-0.038849
1.5877
2.3897
1.1889
6.6271
-0.027549
-0.19359
-0.81021
3.2753
3.1424
0.84341
3.2382
1.3843
1.6242
1.2323
1.9785
1.2085
16.585
-0.60804
-0.80352
-0.58932
-0.55307
0.22802
0.67728
0.5869
2.2336
1.8554
2.8021
6.8981
4.3377
-0.68181
-0.62871
3.2489
-0.80562
1.1357
1.0716
10.066
0.86397
0.11627
1.4996
1.522
1.1425
-0.027581
-0.64552
1.6836
-0.71304
-0.50219
4.7571
0.25101
0.72922
3.2424
0.44511
3.6563
0.36991
3.6016
2.465
0.59674
-0.34079
-0.51162
0.49653
0.22098
0.26714
3.5064
0.44921
4.0485
0.080722
3.4711
0.094352
1.3688
3.4652
0.25877
0.22078
8.322
3.4023
0.23052
2.5179
0.34528
2.6743
5.108
-0.79844
3.6546
5.2909
1.0961
6.7177
1.3229
-0.65463
-0.70078
0.38921
2.6957
1.6857
1.9142
0.015949
1.2984
-0.80346
-0.22136
-0.28936
2.1782
0.97178
-0.60012
0.981
-0.13472
-0.10499
3.1335
1.2333
1.8773
3.1938
1.3768
2.2582
2.6108
4.1449
2.0675
5.0926
1.0455
0.90541
6.4728
0.11274
0.99429
3.3045
1.3109
5.0615
3.672
1.626
-0.24218
2.2993
-0.73143
1.519
2.9676
1.4489
3.1807
8.5744
3.3172
1.5697
2.4982
1.9431
-0.69884
0.25493
4.3438
0.91378
2.3404
-0.47947
1.1311
2.3875
-0.72191
1.7563
0.65289
-0.41647
0.92564
-0.79737
-0.72967
-0.6152
-0.46494
-0.6125
-0.80997
1.6183
-0.79665
1.2265
2.9052
0.99555
1.1906
0.31591
-0.76909
0.91332
3.4335
6.6734
0.23332
-0.80195
1.3466
1.8243
0.57195
-0.59534
8.47
-0.61028
0.11236
-0.70242
-0.064748
1.6867
1.2856
-0.16111
2.8761
2.4464
2.5136
0.24046
3.7203
2.5498
12.881
3.7704
4.0957
1.1074
-0.68467
0.32714
-0.21862
0.034402
2.2692
0.044599
-0.37172
0.2661
0.69119
1.9038
-0.42922
1.6855
1.1591
4.7297
0.59646
0.7401
-0.61133
-0.73258
1.6697
0.53229
2.1376
-0.36918
7.6866
1.2519
3.7151
0.57201
0.68823
2.6304
2.2708
-0.57401
-0.78332
-0.55666
-0.74527
1.1209
0.26306
0.33235
-0.72165
2.8835
1.9772
0.82477
3.6292
-0.3496
1.9168
1.7583
1.7602
-0.18404
1.7076
0.10514
-0.3731
-0.63301
3.6843
-0.31945
0.66916
-0.63654
0.45018
0.1298
-0.54798
-0.74943
-0.48659
0.59629
0.40264
7.9204
0.023399
0.53134
-0.79181
0.16095
-0.71064
1.0611
3.1002
1.8915
-0.14841
-0.80239
5.2999
8.6556
1.2483
-0.46436
4.244
-0.0057094
0.17241
3.2011
-0.73256
-0.78512
1.9314
1.883
1.1948
2.1198
3.8343
3.4643
0.027908
2.9721
1.3615
0.1189
-0.62638
2.5125
0.35584
1.0939
-0.25992
-0.78766
1.3579
0.87765
4.2486
2.9479
3.7362
-0.20792
-0.41332
-0.67374
2.123
16.611
2.7351
-0.23674
3.051
-0.58013
-0.74868
2.7066
-0.24242
1.6824
5.0683
1.884
3.3351
-0.79866
2.5521
9.3299
2.2331
-0.78536
0.61441
0.12716
1.8404
1.9104
1.8945
0.33923
-0.01483
-0.0014643
3.1016
-0.80368
0.60695
1.5776
-0.086789
2.0709
0.8599
-0.41526
1.3358
0.49979
0.26524
-0.16184
1.1248
-0.80449
0.28356
0.063508
-0.38891
2.528
-0.19019
2.2318
3.4816
0.69859
1.5945
2.4924
0.84132
2.2324
-0.66994
3.9315
-0.46405
-0.80629
4.9755
0.87651
2.0006
0.34008
-0.49203
-0.022268
2.4568
0.46797
0.62484
1.8948
-0.74668
-0.18428
4.0614
2.3811
-0.6807
-0.69613
0.02414
1.451
3.375
1.1918
-0.57558
1.6596
-0.61202
-0.43722
-0.088056
-0.64982
0.49498
-0.37671
0.46968
0.18364
0.26538
0.12186
4.3761
2.4141
1.1199
-0.76398
-0.80173
-0.78321
14.045
3.4704
1.5472
-0.4498
-0.59348
2.2498
5.7831
-0.8086
0.20359
0.83497
-0.77618
3.0647
0.25769
7.7101
0.29543
1.9034
-0.5906
-0.049652
-0.60949
1.8634
4.6401
-0.0070712
1.9697
0.12064
1.2094
4.2384
1.2478
-0.50623
-0.33156
0.67471
0.63508
-0.34092
1.3777
4.5026
0.52935
0.61185
-0.69697
-0.23844
-0.73602
0.30291
2.1932
5.5861
7.0147
0.77307
0.41125
2.9943
2.1033
2.8423
2.8798
-0.76834
2.2311
0.82111
-0.22156
-0.13953
4.5603
-0.27913
-0.65444
1.4525
8.3738
1.0514
1.6645
-0.41521
6.3293
1.2578
2.2047
-0.42867
3.1031
1.8551
-0.60046
1.0803
0.20174
1.2245
0.53043
0.63828
-0.50283
0.40607
2.8459
6.709
-0.60369
11.469
5.5991
1.3512
0.44325
-0.14593
3.0395
-0.14081
0.18446
3.1927
1.9687
3.2329
2.1401
0.27947
0.10666
2.9323
-0.11082
4.2032
2.9158
1.6172
1.0065
1.7989
33.635
0.78145
-0.78905
7.7289
2.4129
-0.080385
14.2
2.2584
1.632
-0.24235
-0.53
-0.80993
0.24471
-0.52011
2.5146
0.41556
6.8454
5.5276
1.3415
0.47469
4.0787
-0.59359
