2.22415
7.22383
-0.668039
3.12755
1.68883
-0.695148
0.228047
1.74459
35.3931
16.3127
-0.716435
20.9054
2.72899
0.875878
2.69908
0.611134
0.759435
5.43248
5.0788
5.11378
2.57933
-0.635787
2.70608
6.10313
2.10015
3.67397
2.73319
0.439469
1.63127
-0.253355
3.2073
-0.594019
-0.533286
-0.278862
-0.143376
5.20519
1.70378
-0.215194
4.9165
-0.809523
0.800751
0.546377
1.68986
1.67511
-0.339915
0.940349
0.683861
2.46061
3.87225
3.92762
-0.338598
1.15771
-0.640078
-0.568842
0.986325
5.62947
-0.232732
1.81263
0.574381
3.95586
-0.549691
1.06564
2.26249
3.89745
5.68387
1.17556
-0.771853
-0.199967
-0.527234
11.2019
-0.0371318
2.79317
0.633725
3.20794
-0.227025
-0.739807
-0.747875
2.09839
0.66101
0.627174
5.12277
1.62601
1.41525
5.89234
-0.273138
2.64859
3.04638
0.542393
1.45469
-0.60743
-0.594674
1.21524
2.72013
13.7978
-0.105243
1.39226
0.838416
-0.790405
0.219693
-0.808861
3.06214
-0.364365
1.20519
0.0620983
1.6535
-0.0162842
2.10287
2.76841
6.52954
0.630656
-0.725348
-0.312482
4.85193
-0.536
3.43391
1.2558
5.19781
-0.784138
0.624201
-0.635983
18.5516
3.01708
4.95259
-0.524394
0.17421
0.492385
3.88984
0.483087
2.66225
-0.758027
0.355468
-0.294737
-0.793407
2.14832
1.60401
1.06752
-0.708523
3.99127
1.76239
0.446876
1.04604
0.510498
-0.810211
0.469744
-0.303403
-0.454449
-0.600743
0.0779115
-0.773228
3.44438
2.17906
0.960144
0.931062
-0.265916
3.62102
0.742446
-0.16584
4.83886
0.575818
-0.000689544
0.455919
-0.321612
-0.573897
13.0808
6.23211
1.66279
-0.666721
-0.340546
0.662559
2.91788
-0.707674
-0.628148
-0.757822
1.72322
1.86041
2.00743
0.747938
1.3843
0.162809
3.1271
-0.721994
2.01571
-0.322462
0.386751
2.26313
3.68862
-0.571988
4.48019
2.54829
0.866571
0.628671
0.588542
0.440028
1.04636
1.1039
3.01957
5.60338
2.04519
0.602643
2.45385
1.3833
-0.500118
3.39665
1.66168
1.27949
2.16681
1.5572
-0.41839
0.688524
0.718583
0.0801564
6.37065
-0.351453
0.15126
-0.162687
-0.613315
0.63405
0.489627
5.61781
0.53311
-0.529397
5.96986
4.38139
0.56721
-0.776163
0.210937
0.700302
1.59052
0.511956
1.98706
1.86171
-0.662901
-0.424696
-0.198523
0.115533
0.410611
1.02502
-0.0638018
0.191907
4.41048
-0.531469
3.34782
1.76272
0.942408
1.38159
-0.790916
0.834497
5.97184
1.20154
1.0836
-0.190068
0.938846
1.49183
1.9453
0.324562
0.555172
8.46545
-0.668251
10.0851
1.73271
3.56008
-0.806299
-0.00207532
0.482761
1.93635
-0.806854
2.05694
-0.639237
1.13457
2.52713
1.70814
3.83552
3.57966
-0.0843397
1.54736
-0.421213
-0.702505
3.31996
1.0001
0.89167
3.27733
2.37243
1.76244
4.44047
3.33547
1.50841
-0.135419
-0.0851823
4.22314
-0.799631
0.951375
-0.786958
3.62695
3.12619
1.00232
0.860836
-0.526174
2.33713
-0.701297
-0.634365
1.16306
-0.425201
1.90904
2.59437
3.11416
-0.136437
2.00175
1.20633
3.0196
2.22027
3.23643
0.744836
0.716452
3.58523
-0.731415
0.120304
-0.674615
0.308784
2.51715
3.01859
-0.486989
0.170494
1.28344
0.459139
1.64958
1.88107
-0.407026
0.662012
-0.727974
4.05457
-0.0553325
-0.633357
0.524519
-0.750263
0.958501
0.0390869
9.64822
4.03009
-0.518613
1.98192
-0.738059
0.522566
1.34235
2.79218
0.491385
5.83701
0.155589
1.70919
2.56081
1.17401
3.18453
1.69917
-0.249716
-0.808198
7.37362
-0.0220443
1.21207
2.2901
1.23366
-0.381607
0.175592
0.758028
5.38434
-0.335562
2.89827
1.66529
0.559738
-0.523388
0.472329
0.83038
-0.7648
1.40289
-0.293282
0.815962
1.72954
-0.381525
0.465282
1.76211
-0.805595
3.67829
11.9538
3.42898
0.418679
1.95075
-0.505501
7.49297
3.36974
2.90605
-0.351601
1.69158
0.04245
0.425979
0.0258793
-0.496532
-0.385708
0.602303
-0.808921
2.40692
0.771346
2.65564
1.5759
2.11374
-0.769224
-0.491778
0.207282
1.22534
3.99549
0.462379
4.48364
2.0664
4.15757
1.26197
-0.092104
-0.768687
1.32309
2.99736
0.457895
0.0674746
0.430682
-0.555655
0.137506
0.654895
1.09273
0.874469
2.41686
1.22462
7.10551
1.67316
7.04975
-0.176491
2.19563
0.513537
2.38713
2.37071
-0.70429
-0.705156
-0.754897
1.88568
5.34505
0.400197
2.97901
2.24442
-0.51884
1.87514
-0.211546
5.55385
0.935396
6.13246
0.241355
2.35885
0.87639
-0.767532
-0.457169
2.41998
0.891734
-0.572829
-0.0516926
1.53035
-0.467223
3.47871
-0.0708466
7.07551
-0.542281
1.41829
-0.780267
-0.177121
-0.00652996
1.88448
3.37425
1.64651
0.324141
2.98834
2.93965
1.24765
2.31116
1.91222
-0.461646
2.82597
-0.0926019
-0.0212089
1.3696
0.432606
0.74506
2.37449
3.71435
0.623733
1.70959
0.551915
1.48568
1.97865
-0.038854
1.58771
2.38967
1.18888
6.62691
-0.0275527
-0.193595
-0.810212
3.27531
3.14239
0.843407
3.23825
1.38432
1.62419
1.23226
1.97852
1.20849
16.584
-0.608065
-0.803519
-0.58933
-0.553039
0.228015
0.677282
0.586904
2.23357
1.85542
2.80214
6.89833
4.33786
-0.681835
-0.628679
3.24888
-0.805626
1.13574
1.07159
10.0661
0.863968
0.116271
1.49956
1.52198
1.14254
-0.02758
-0.645526
1.68356
-0.713056
-0.502207
4.75702
0.251014
0.72922
3.24237
0.445111
3.65637
0.369908
3.60162
2.46496
0.596727
-0.340792
-0.511609
0.496527
0.220979
0.267144
3.5064
0.449202
4.04853
0.0807217
3.47107
0.0943529
1.36879
3.4652
0.258774
0.220778
8.3221
3.40226
0.230521
2.51785
0.345271
2.67436
5.10779
-0.798442
3.65472
5.291
1.09607
6.71799
1.32288
-0.654613
-0.700779
0.389209
2.69572
1.68567
1.91418
0.0159425
1.29839
-0.803463
-0.221362
-0.289355
2.17822
0.97178
-0.600097
0.980995
-0.134719
-0.104996
3.13353
1.23328
1.87729
3.19375
1.37681
2.25814
2.61082
4.14491
2.0675
5.09242
1.04547
0.905408
6.47256
0.112746
0.994294
3.30449
1.31086
5.06139
3.67198
1.62598
-0.242181
2.29929
-0.731418
1.51899
2.96761
1.44887
3.18066
8.57458
3.31715
1.5697
2.49816
1.94311
-0.698831
0.25493
4.34385
0.913782
2.34041
-0.479469
1.13112
2.38753
-0.721901
1.75628
0.652895
-0.416469
0.925638
-0.797366
-0.729662
-0.615188
-0.464937
-0.612479
-0.809971
1.61832
-0.796655
1.22652
2.90524
0.995549
1.19056
0.31591
-0.769098
0.913322
3.43353
6.67312
0.233311
-0.801945
1.34657
1.82429
0.571954
-0.595329
8.46972
-0.610298
0.112362
-0.702402
-0.0647498
1.68669
1.28564
-0.161114
2.87608
2.44635
2.51363
0.240463
3.72038
2.54984
12.8816
3.77055
4.09562
1.10736
-0.684679
0.327139
-0.218617
0.0344002
2.26925
0.044596
-0.371715
0.2661
0.691189
1.9038
-0.429227
1.68546
1.15908
4.72972
0.596459
0.740095
-0.611363
-0.732596
1.66966
0.532288
2.1376
-0.369178
7.68648
1.25194
3.71502
0.572007
0.68823
2.63039
2.27085
-0.574049
-0.783322
-0.556682
-0.74528
1.12092
0.263066
0.332351
-0.721669
2.88351
1.9772
0.824774
3.62926
-0.349602
1.91683
1.75829
1.7602
-0.18404
1.70763
0.105142
-0.3731
-0.633028
3.68429
-0.319441
0.669163
-0.636571
0.45017
0.129763
-0.548009
-0.749421
-0.486633
0.596281
0.402634
7.92045
0.023404
0.531344
-0.791808
0.160953
-0.710655
1.06106
3.1002
1.89151
-0.148414
-0.802386
5.29983
8.65526
1.24827
-0.464357
4.24406
-0.00571463
0.172404
3.20112
-0.732552
-0.785111
1.93138
1.88303
1.19481
2.11977
3.83416
3.46427
0.0279071
2.97211
1.36155
0.1189
-0.626371
2.51252
0.355846
1.09395
-0.259918
-0.787652
1.35794
0.877653
4.24847
2.94787
3.73616
-0.207923
-0.413324
-0.673749
2.12305
16.6116
2.7351
-0.23673
3.05096
-0.580102
-0.748689
2.70664
-0.242427
1.68237
5.06818
1.88395
3.33506
-0.798658
2.55211
9.32983
2.23308
-0.785365
0.614418
0.12715
1.84043
1.91037
1.89451
0.339235
-0.0148274
-0.0014657
3.10155
-0.803678
0.606957
1.57756
-0.0867875
2.07092
0.859904
-0.415262
1.33577
0.499793
0.265246
-0.161839
1.12478
-0.804491
0.283561
0.0635055
-0.388908
2.52805
-0.19019
2.23176
3.48157
0.698588
1.59446
2.49238
0.841324
2.23238
-0.669964
3.93145
-0.464044
-0.806295
4.97552
0.876514
2.00061
0.340082
-0.492043
-0.0222568
2.45677
0.467982
0.62485
1.8948
-0.746663
-0.184285
4.06133
2.3811
-0.680711
-0.696112
0.0241349
1.45099
3.37504
1.19185
-0.57557
1.6596
-0.611991
-0.437226
-0.0880625
-0.64982
0.494973
-0.376706
0.469676
0.183642
0.265373
0.121858
4.37612
2.41412
1.11989
-0.763968
-0.801733
-0.783195
14.045
3.47043
1.54718
-0.449796
-0.593509
2.24984
5.78313
-0.808594
0.203586
0.83497
-0.776175
3.06474
0.257686
7.71024
0.295427
1.90344
-0.590581
-0.0496473
-0.609472
1.86337
4.63994
-0.00706879
1.96976
0.120645
1.20944
4.23855
1.2478
-0.506192
-0.331556
0.67472
0.63508
-0.34092
1.37769
4.50247
0.529353
0.611851
-0.696975
-0.238436
-0.736034
0.302915
2.19318
5.58621
7.01476
0.773078
0.411247
2.99433
2.10334
2.84225
2.87978
-0.768338
2.23107
0.821114
-0.221553
-0.139536
4.56048
-0.279134
-0.654428
1.45252
8.37404
1.05143
1.66455
-0.415213
6.32918
1.2578
2.20472
-0.428676
3.10306
1.85513
-0.600456
1.08027
0.20174
1.22447
0.530436
0.638281
-0.502815
0.406076
2.84592
6.7091
-0.603673
11.4688
5.5992
1.35125
0.443246
-0.145928
3.03948
-0.140817
0.184466
3.19268
1.96868
3.23292
2.14011
0.27947
0.106654
2.9323
-0.110818
4.20339
2.91578
1.61715
1.00646
1.79894
33.6359
0.781447
-0.789047
7.72893
2.4129
-0.0803832
14.1993
2.2584
1.63203
-0.242345
-0.529978
-0.809934
0.244706
-0.520107
2.51466
0.415556
6.84541
5.52763
1.3415
0.474693
4.07881
-0.593581
